alpha = 0,3 : 
Data statistics: 
C_0: {0: 7379, 1: 50730, 2: 43850, 3: 1000, 4: 18870, 5: 160715, 6: 1547, 7: 2627, 8: 23, 9: 2758}, 
C_1: {0: 130389, 1: 408995, 2: 7671, 3: 16, 4: 993035, 5: 1242, 6: 312264, 7: 28, 8: 440}, 
C_2: {0: 63701, 1: 1048259, 2: 137077, 3: 698572, 4: 33860, 5: 96476, 6: 4, 8: 66, 9: 360}, 
C_3: {0: 125707, 1: 13, 2: 567, 3: 95571, 4: 217456, 5: 191868, 6: 2459, 7: 1298, 8: 4, 9: 6616}, 
C_4: {0: 962331, 1: 1187856, 2: 14641, 3: 1, 4: 255727, 5: 6791, 6: 10044, 7: 781, 8: 1667, 9: 595}, 
C_5: {0: 10082, 1: 156704, 2: 272198, 3: 52442, 4: 521698, 5: 8881, 6: 150487, 7: 246, 9: 4602}, 
C_6: {0: 704159, 1: 1567945, 2: 248370, 3: 3021, 4: 313803, 5: 4, 6: 16446, 7: 549, 8: 43, 9: 918}, 
C_7: {0: 810851, 1: 593686, 2: 14181, 3: 120974, 4: 33758, 5: 161554, 6: 123517, 7: 524, 8: 1066, 9: 189}, 
C_8: {0: 46655, 1: 753, 2: 412264, 3: 12539, 4: 66201, 5: 74420, 6: 716, 7: 744, 8: 7}, 
C_9: {0: 920165, 1: 1084317, 2: 2504, 3: 1042098, 4: 612, 5: 10658, 6: 66981, 7: 717, 8: 109, 9: 771}

Data ratio: [0.01708959 0.10944933 0.12268983 0.03787226 0.14406275 0.06950028
 0.16855048 0.10981651 0.03626306 0.1847059 ]


alpha = 0,1 : 
Data statistics: 
C_0: {0: 242, 2: 452105, 3: 2, 4: 379721, 5: 12, 7: 6672}, 
C_1: {0: 1489, 1: 636872, 2: 547287, 3: 61051, 4: 325288, 6: 261, 9: 108}, 
C_2: {1: 15530, 2: 41757, 3: 41154, 4: 775469, 5: 102987, 6: 1115, 7: 3}, 
C_3: {0: 636795, 1: 509, 3: 61282, 4: 202478, 5: 438679, 6: 33, 7: 54, 8: 128, 9: 1433}, 
C_5: {0: 1615, 1: 569, 2: 12609, 3: 207, 4: 8, 5: 115, 6: 2, 8: 1244, 9: 13}, 
C_6: {1: 1273, 2: 31561, 4: 1, 5: 3, 6: 1, 8: 1218, 9: 209}, 
C_7: {1: 5443055, 2: 380, 3: 10, 5: 63, 8: 6, 9: 1}, 
C_8: {0: 2433781, 1: 756, 2: 67433, 3: 340968, 4: 866, 5: 7767, 6: 668918, 9: 14975}, 
C_9: {0: 27, 1: 525, 2: 1, 3: 406846, 4: 735849, 5: 144306, 6: 5314, 7: 1, 8: 1, 9: 1}

Data ratio: [0.049513   0.09281871 0.0577338  0.07918447 0.11139631 0.00096706
 0.00202278 0.32133947 0.20870414 0.07632026]


alpha = 0,45 :
Data statistics: 
C_0: {0: 59300, 1: 900919, 2: 3919, 3: 8500, 4: 181108, 5: 86344, 6: 86247, 7: 3236, 8: 196, 9: 370},
C_1: {0: 1573, 1: 861888, 2: 138970, 3: 11758, 4: 355746, 5: 4080, 6: 311759, 7: 296, 8: 48, 9: 554},
C_2: {0: 14205, 1: 863003, 2: 39521, 3: 472750, 4: 131102, 5: 44548, 6: 7053, 7: 32, 8: 477, 9: 5930},
C_3: {0: 533027, 1: 926676, 2: 181710, 3: 224, 4: 146789, 5: 41621, 6: 118512, 7: 107, 8: 429, 9: 2905},
C_4: {0: 128576, 1: 33, 2: 61037, 3: 444049, 4: 300660, 5: 83715, 6: 18325, 7: 1256, 8: 511, 9: 338},
C_5: {0: 788942, 1: 28946, 2: 72630, 3: 172466, 4: 262053, 5: 65828, 6: 694, 7: 582, 8: 977, 9: 1348},
C_6: {0: 659054, 1: 1283926, 2: 81330, 3: 6931, 4: 120, 5: 208338, 6: 431, 7: 920, 8: 47, 9: 4581},
C_7: {0: 69956, 1: 20863, 2: 268137, 3: 322005, 4: 408614, 5: 6029, 6: 95783, 7: 856, 8: 82, 9: 491},
C_8: {0: 1515625, 1: 1645, 2: 140961, 3: 279365, 4: 292825, 5: 158388, 6: 9122, 7: 218, 8: 3, 9: 258},
C_9: {0: 11161, 1: 1211359, 2: 165108, 3: 308186, 4: 376003, 5: 13718, 6: 36539, 7: 11, 8: 655, 9: 34}

Data ratio: [0.07852025 0.09956697 0.09318854 0.11522971 0.06130433 0.08231758
 0.13256599 0.07041385 0.14158201 0.12531077]